function externalDosInit() {
	g_externalDos = `
|musicTitle=Personal Contakt,Oversleep,https://twitter.com/_over_sleep_/|
|difData=9B,Orbital,5.5|
|setColor=#dddddd,#0ac225,#4db7f0,#ff0066,#ff9966|
|frzColor=#44dddd,#4444dd,#dddd44,#dddd44|
|startFrame=0|
|musicUrl=pc_.js|
|hashTag=#festa7_23w|

|customGauge=Normal::V|
|gaugeNormal=75,3,45,0|

|left_data=332,775,1232,1675,1800,2105,2125,2132,2139,2153,2292,2534,2797,2991,3012,3018,3025,3039,3115,3178,3420,3489,4694,4772,4818,4883,4994,5040,5483,5594,5760,5783,5982,6005,6065,6072,6078,6085,6425,6549,6614,6660,6711,6798,6992,7057,7200,7255,7311,7320,7329|down_data=868,1191,1311,1468,1634,1754,1911,2082,2167,2181,2188,2195,2208,2278,2368,2375,2520,2640,2714,2721,2728,2735,2742,2825,2935,2949,2968,3053,3067,3074,3081,3095,3129,3136,3164,3254,3261,3323,3346,3406,3448,3462,3508,3526,3572,3577,3582,3655,3699,3732,4555,4560,4565,4625,4629,4634,4662,4708,4749,4805,4860,4888,4915,4957,4998,5026,5054,5428,5432,5437,5525,5603,5622,5649,5672,5705,5728,5843,5871,5894,5926,5949,6203,6226,6314,6337,6365,6397,6402,6406,6428,6464,6478,6522,6535,6558,6577,6605,6646,6669,6702,6729,6762,6771,6780,6854,6861,6868,6875,6882,6888,6978,7002,7020,7048,7108,7115,7122,7145,7172,7209,7246,7265,7283,7311,7320,7329,7338,7348,7357,7394,7403,7412,7934|up_data=498,505,512,519,526,942,948,955,962,969,1135,1198,1357,1578,1641,1828,1835,1842,1848,1855,1994,2001,2008,2022,2035,2042,2056,2070,2091,2098,2298,2305,2331,2335,2340,2382,2402,2409,2416,2423,2488,2513,2527,2709,2735,2755,2811,2880,2887,2894,2908,2922,2928,2977,2984,3102,3115,3185,3192,3217,3222,3226,3268,3288,3295,3302,3309,3399,3413,3434,3451,3480,3498,3628,3632,3637,3685,3695,3704,4209,4218,4223,4237,4251,4265,4278,4288,4302,4306,4320,4329,4334,4343,4348,4362,4371,4385,4389,4403,4412,4417,4431,4454,4458,4472,4514,4528,4542,4546,4551,4569,4583,4592,4597,4611,4666,4735,4777,4800,4846,4943,4971,5022,5068,5123,5151,5174,5234,5271,5289,5345,5395,5400,5414,5455,5483,5511,5612,5631,5788,5848,5871,5894,5926,5949,5982,6005,6037,6060,6092,6115,6148,6171,6231,6286,6293,6300,6307,6360,6369,6392,6432,6448,6462,6475,6487,6494,6501,6535,6563,6591,6614,6642,6669,6688,6715,6734,6785,6812,6817,6835,6895,6905,6914,6951,6958,6965,6972,7002,7034,7057,7085,7135,7177,7200,7218,7237,7274,7292,7338,7348,7357,7366,7375,7385,7394,7403,7412,7491,8003,8010,8017,8024|right_data=1274,1283,1292,1385,1392,1398,1405,1412,1717,1726,1735,2077,2086,2229,2243,2250,2264,2319,2354,2492,2541,2631,2649,2714,2742,2769,2852,2939,2953,2963,2972,3105,3119,3150,3205,3240,3351,3358,3365,3372,3378,3427,3437,3455,3517,3535,3600,3605,3609,3659,3690,3708,4237,4265,4288,4348,4385,4403,4458,4509,4514,4528,4569,4597,4611,4638,4643,4648,4680,4722,4791,4832,4902,4929,5012,5082,5442,5446,5451,5497,5640,5732,5739,5746,5753,5815,5838,5857,6037,6060,6148,6155,6162,6168,6238,6258,6282,6314,6337,6355,6369,6392,6435,6448,6459,6473,6525,6558,6591,6628,6646,6674,6702,6729,6738,6757,6766,6775,6840,6857,6864,6871,6878,6885,6892,6978,7006,7034,7071,7128,7142,7182,7228,7255,7302,7366,7375,7385,7560,7567,7574,7581,7782|space_data=2880,2889,2898,2963,3822,3863,3905,3932,3955,3974,4043,4085,4126,4163,4182,4209,4265,4306,4348,4375,4398,4417,4486,4528,4569,4606,4625,4638,4652,4703,4717,4735,4791,4818,4842,4860,4902,4952,4957,4985,5008,5026,5063,5082,5095,5146,5160,5178,5234,5262,5285,5303,5345,5395,5400,5428,5451,5469,5506,5649,5658,5668,5760,5811,5825,5829,5838,5885,5982,5991,6000,6009,6018,6028,6092,6217,6224,6258,6314,6337,6369,6392,6425,6448,6480,6503,6563,6646,6771,6840,6923,6937,6992,7062,7089,7172,7200,7223,7255,7278,7311,7334,7366,7389,7740,8183|sleft_data=582,1025,1212,1655,2077,2091,2197,2326,2525,2548,2568,2575,2582,2596,2672,2686,2693,2707,2774,2778,2783,2942,2956,3018,3023,3028,3046,3065,3108,3122,3212,3222,3231,3240,3249,3258,3411,3441,3462,3468,3482,3586,3591,3595,3662,3688,3706,4112,4117,4122,4195,4200,4205,4985,4989,4994,5068,5072,5077,5137,5215,5248,5326,5400,5437,5483,5594,5649,5672,5705,5728,5760,5783,5852,5871,5894,5926,5949,5982,6005,6037,6051,6203,6226,6245,6351,6425,6438,6457,6471,6480,6503,6528,6563,6674,6681,6688,6695,6715,6725,6743,6757,6835,6891,6932,6946,7006,7013,7020,7027,7089,7112,7145,7168,7186,7232,7288,7315,7325,7334,7532,7754,7975,8225|sdown_data=360,367,374,381,803,810,817,824,1689,1696,1703,1710,2084,2271,2278,2285,2292,2312,2354,2437,2444,2451,2465,2478,2485,2499,2513,2534,2541,2742,2748,2811,2818,2970,3055,3083,3112,3126,3157,3164,3171,3178,3198,3323,3330,3337,3351,3365,3372,3385,3399,3420,3427,3444,3455,3642,3646,3651,3683,3692,3702,3766,3775,3780,3794,3808,3822,3835,3845,3858,3863,3877,3886,3891,3900,3905,3918,3928,3942,3946,3960,3969,3974,3988,4011,4015,4029,4071,4085,4098,4103,4108,4126,4140,4149,4154,4168,4680,4708,4731,4791,4828,4846,4902,4952,4957,4971,5012,5040,5054,5105,5151,5192,5220,5243,5262,5303,5331,5358,5386,5414,5442,5469,5525,5603,5622,5760,5783,5815,5838,5862,5940,5947,6092,6115,6148,6171,6252,6290,6297,6303,6310,6346,6425,6442,6455,6468,6508,6535,6545,6554,6618,6625,6632,6639,6646,6702,6711,6748,6780,6798,6826,6840,6868,6891,6909,6946,6965,7034,7041,7048,7055,7103,7131,7154,7168,7191,7223,7242,7278,7297,7315,7325,7334,7343,7352,7362,7398,7408,7417,7698,7705,7712,7719,7726,7795,8142,8148,8155,8162,8169|sup_data=540,858,877,983,1246,1253,1260,1267,1302,1320,1482,1745,1763,1925,2045,2070,2188,2206,2266,2292,2520,2529,2721,2762,2797,2845,2852,2859,2866,2908,2946,2960,3032,3037,3042,3074,3092,3152,3178,3212,3222,3231,3240,3249,3258,3406,3415,3434,3458,3614,3618,3623,3666,3697,3738,3794,3822,3845,3905,3942,3960,4015,4066,4071,4085,4126,4154,4168,4182,4186,4191,4998,5003,5008,5082,5086,5091,5109,5178,5234,5289,5372,5465,5511,5612,5631,5649,5672,5705,5728,5866,5912,6037,6060,6120,6127,6134,6141,6342,6411,6415,6420,6445,6452,6466,6480,6503,6532,6591,6677,6684,6691,6698,6729,6752,6785,6812,6835,6863,6882,6895,6923,6937,6960,7062,7068,7075,7082,7112,7158,7182,7195,7214,7251,7269,7306,7343,7352,7362,7371,7380,7389,7398,7408,7417,8197|sright_data=291,595,734,1038,1177,1426,1620,1869,2049,2098,2271,2298,2368,2610,2624,2631,2638,2652,2735,2825,2984,3157,3185,3496,3510,3517,3524,3538,5123,5165,5275,5345,5455,5497,5566,5640,5815,5838,5954,6175,6182,6189,6196,6258,6282,6449,6622,6629,6636,6643,6757,6780,6812,6849,6868,6923,6951,7089,7117,7145,7172,7205,7223,7260,7278,7371,7380,7389|frzLeft_data=1495,1537,1938,1980,7782,7892|frzDown_data=554,582,997,1025,2548,2575,3988,4098,7671,7782,8114,8238|frzUp_data=2603,2631,3877,3988|frzRight_data=1772,1800,3766,3877,4098,4209,8308,8612|frzSpace_data=222,249,443,471,665,692,886,914,1108,1135,1329,1357,1551,1578,1800,1938,1994,2022,2132,2160,2215,2243,2437,2465,2575,2603,2658,2686,2825,2852,2991,3018,3102,3129,3268,3309,3323,3351,3545,3572,3711,3766,5538,5594,7422,7449,7643,7671,7865,7892,8086,8114,8238,8612|sfrzLeft_data=1772,1800,2382,2423,4431,4542,8308,8612|sfrzDown_data=1440,1468,1883,1911,2105,2132,2160,2188,4320,4431|sfrzUp_data=2382,2423,4209,4320,4542,4652,7892,8003|sfrzRight_data=1495,1537,1938,1980,7449,7671,8003,8114|
|speed_data=|boost_data=|
|es_keyKind=9B|es_blankFrame=0|es_label=1|es_startNumber=0|es_bpm=130|es_scoreNumber=1|


|tuning=lower_bound,https://twitter.com/lower_bound/|

|color_data=
5560,20,#ee8835
5560,21,#30f04a
7450,20,#dddddd
7450,21,#088c1c
|
	`;
}